# sexpt sexpterr pexpt pexpterr dexpt dexpterr
1.519999999999999929e+01 6.999999999999999556e-01
1.490000000000000036e+01 8.000000000000000444e-01
1.889999999999999858e+01 8.000000000000000444e-01
1.789999999999999858e+01 8.000000000000000444e-01
1.810000000000000142e+01 5.000000000000000000e-01
2.010000000000000142e+01 8.000000000000000444e-01
2.380000000000000071e+01 1.699999999999999956e+00
2.439999999999999858e+01 1.000000000000000000e+00
2.569999999999999929e+01 1.399999999999999911e+00
2.680000000000000071e+01 1.000000000000000000e+00
2.860000000000000142e+01 1.100000000000000089e+00
3.429999999999999716e+01 1.500000000000000000e+00
3.420000000000000284e+01 9.000000000000000222e-01
3.810000000000000142e+01 2.100000000000000089e+00
4.089999999999999858e+01 1.199999999999999956e+00
4.010000000000000142e+01 1.600000000000000089e+00
4.700000000000000000e+01 1.699999999999999956e+00
5.079999999999999716e+01 2.399999999999999911e+00
