# sexpt sexpterr pexpt pexpterr dexpt dexpterr
1.350000000000000000e+01 6.999999999999999556e-01
1.580000000000000071e+01 5.000000000000000000e-01
1.950000000000000000e+01 1.500000000000000000e+00
1.989999999999999858e+01 1.199999999999999956e+00
2.050000000000000000e+01 2.299999999999999822e+00
2.410000000000000142e+01 5.999999999999999778e-01
2.539999999999999858e+01 1.800000000000000044e+00
2.860000000000000142e+01 1.600000000000000089e+00
3.150000000000000000e+01 8.000000000000000444e-01
3.229999999999999716e+01 1.199999999999999956e+00
3.639999999999999858e+01 1.399999999999999911e+00
3.500000000000000000e+01 1.000000000000000000e+00
3.689999999999999858e+01 1.800000000000000044e+00
3.870000000000000284e+01 2.399999999999999911e+00
3.889999999999999858e+01 3.000000000000000000e+00
4.200000000000000000e+01 3.200000000000000178e+00
