# sexpt sexpterr pexpt pexpterr dexpt dexpterr
3.320000000000000284e+01 1.399999999999999911e+00
3.370000000000000284e+01 1.500000000000000000e+00
3.979999999999999716e+01 1.300000000000000044e+00
4.350000000000000000e+01 1.899999999999999911e+00
4.510000000000000142e+01 2.000000000000000000e+00
4.589999999999999858e+01 1.300000000000000044e+00
5.260000000000000142e+01 1.300000000000000044e+00
5.870000000000000284e+01 3.000000000000000000e+00
6.029999999999999716e+01 1.699999999999999956e+00
6.020000000000000284e+01 2.799999999999999822e+00
6.420000000000000284e+01 2.600000000000000089e+00
